clear all; close all; clc
wt = [0
1
2
3
4
5
6
7
8
9
10
11
12
13
14
15
16
17
18
19
20
21
22
23
24
25
26
27
28
29
30
31
32
33
34
35
36
37
38
39
40
41
42
43
44
45
46
47
48
49
50
51
52
53
54
55
56
57
58
59
60
61
62
63
64
65
66
67
68
69
70
71
72
73
74
75
76
77
78
79
80
81
82
83
84
85
86
87
88
89
90
91
92
93
94
95
96
97
98
99
100
]
l = [2045
2047.3
2049.6
2051.9
2054.2
2056.5
2058.8
2061.1
2063.4
2065.7
2068
2070.3
2072.6
2074.9
2077.2
2079.5
2081.8
2084.1
2086.4
2088.7
2091
2093.3
2095.6
2097.9
2100.2
2102.5
2104.8
2107.1
2109.4
2111.7
2114
2116.3
2118.6
2120.9
2123.2
2125.5
2127.8
2130.1
2132.4
2134.7
2137
2139.3
2141.6
2143.9
2146.2
2148.5
2150.8
2153.1
2155.4
2157.7
2160
2162.3
2164.6
2166.9
2169.2
2171.5
2173.8
2176.1
2178.4
2180.7
2183
2185.3
2187.6
2189.9
2192.2
2194.5
2196.8
2199.1
2201.4
2203.7
2206
2208.3
2210.6
2212.9
2215.2
2217.5
2219.8
2222.1
2224.4
2226.7
2229
2231.3
2233.6
2235.9
2238.2
2240.5
2242.8
2245.1
2247.4
2249.7
2252
2254.3
2256.6
2258.9
2261.2
2263.5
2265.8
2268.1
2270.4
2272.7
2275
]
s= [2045
2047.2
2047.7
2048.3
2048.8
2049.4
2050
2050.7
2051.4
2052.1
2052.9
2053.7
2054.5
2055.4
2056.3
2057.3
2058.2
2059.3
2060.3
2061.4
2062.5
2063.7
2064.8
2066.1
2067.3
2068.6
2069.9
2071.3
2072.7
2074.1
2075.6
2077.1
2078.6
2080.2
2081.8
2083.4
2085.1
2086.8
2088.6
2090.3
2092.1
2094
2095.9
2097.8
2099.7
2101.7
2103.8
2105.8
2107.9
2110
2112.2
2114.4
2116.6
2118.9
2121.2
2123.5
2125.9
2128.3
2130.7
2133.2
2135.7
2138.3
2140.8
2143.5
2146.1
2148.8
2151.5
2154.3
2157
2159.9
2162.7
2165.6
2168.5
2171.5
2174.5
2177.5
2180.6
2183.7
2186.8
2190
2193.2
2196.5
2199.7
2203
2206.4
2209.8
2213.2
2216.6
2220.1
2223.6
2227.2
2230.8
2234.4
2238.1
2241.8
2245.5
2249.2
2253
2256.9
2260.7
2264.6
]
plot(wt,l, wt,s)
T = 2100;
il = find(l >= T);
cl = il(1);
is = find(s  >= T);
cs = is(1);
co = 30;
Wl = (cs - co) / (cs - cl);
Ws = (co - cl) / (cs - cl);
if Wl >= 1 
    fprintf('%.2f%% liquid\n', 100); % hiển thị 100% liquid
elseif Ws >= 1
    fprintf('%.2f%% solid\n', 100); % hiển thị 100% solid
else
    fprintf('Wl = %.2f, Ws = %.2f\n', Wl, Ws); % hiển thị giá trị của Wl và Ws
end